action_noise: 0.0, 	two_goal: False, 	success_rate: 0.9770000060399374
action_noise: 0.0, 	two_goal: True, 	success_rate: 0.9876041650772095
