action_noise: 0.0, 	two_goal: False, 	success_rate: 0.5533333619435629
action_noise: 0.0, 	two_goal: False, 	success_rate: 0.5533333619435629
