action_noise: 0.0, 	two_goal: True, 
	success_rate: 0.9947999999999999
	average_reward: -3.5671099908096005
	average_initial_value: -3.5044806324005116

